Delta,Time,CORE0_ENERGY (J),CORE0_FREQ (MHZ),CORE0_PSTATE,CORE0_VOLT (V),CORE10_ENERGY (J),CORE10_FREQ (MHZ),CORE10_PSTATE,CORE10_VOLT (V),CORE11_ENERGY (J),CORE11_FREQ (MHZ),CORE11_PSTATE,CORE11_VOLT (V),CORE1_ENERGY (J),CORE1_FREQ (MHZ),CORE1_PSTATE,CORE1_VOLT (V),CORE2_ENERGY (J),CORE2_FREQ (MHZ),CORE2_PSTATE,CORE2_VOLT (V),CORE3_ENERGY (J),CORE3_FREQ (MHZ),CORE3_PSTATE,CORE3_VOLT (V),CORE4_ENERGY (J),CORE4_FREQ (MHZ),CORE4_PSTATE,CORE4_VOLT (V),CORE5_ENERGY (J),CORE5_FREQ (MHZ),CORE5_PSTATE,CORE5_VOLT (V),CORE6_ENERGY (J),CORE6_FREQ (MHZ),CORE6_PSTATE,CORE6_VOLT (V),CORE7_ENERGY (J),CORE7_FREQ (MHZ),CORE7_PSTATE,CORE7_VOLT (V),CORE8_ENERGY (J),CORE8_FREQ (MHZ),CORE8_PSTATE,CORE8_VOLT (V),CORE9_ENERGY (J),CORE9_FREQ (MHZ),CORE9_PSTATE,CORE9_VOLT (V),CPU_ENERGY (J),CPU_FREQUENCY_0,CPU_FREQUENCY_1,CPU_FREQUENCY_10,CPU_FREQUENCY_11,CPU_FREQUENCY_12,CPU_FREQUENCY_13,CPU_FREQUENCY_14,CPU_FREQUENCY_15,CPU_FREQUENCY_16,CPU_FREQUENCY_17,CPU_FREQUENCY_18,CPU_FREQUENCY_19,CPU_FREQUENCY_2,CPU_FREQUENCY_20,CPU_FREQUENCY_21,CPU_FREQUENCY_22,CPU_FREQUENCY_23,CPU_FREQUENCY_3,CPU_FREQUENCY_4,CPU_FREQUENCY_5,CPU_FREQUENCY_6,CPU_FREQUENCY_7,CPU_FREQUENCY_8,CPU_FREQUENCY_9,CPU_USAGE_0,CPU_USAGE_1,CPU_USAGE_10,CPU_USAGE_11,CPU_USAGE_12,CPU_USAGE_13,CPU_USAGE_14,CPU_USAGE_15,CPU_USAGE_16,CPU_USAGE_17,CPU_USAGE_18,CPU_USAGE_19,CPU_USAGE_2,CPU_USAGE_20,CPU_USAGE_21,CPU_USAGE_22,CPU_USAGE_23,CPU_USAGE_3,CPU_USAGE_4,CPU_USAGE_5,CPU_USAGE_6,CPU_USAGE_7,CPU_USAGE_8,CPU_USAGE_9,TOTAL_MEMORY,TOTAL_SWAP,USED_MEMORY,USED_SWAP
0,1717965911198,978306.1289978027,4700,1,0.30000000000000004,322453.6327972412,4700,1,0.30000000000000004,556520.83934021,4700,1,0.30000000000000004,355070.2497253418,4700,1,0.30000000000000004,355907.38217163086,4700,1,0.30000000000000004,349719.24935913086,4700,1,0.30000000000000004,353142.44439697266,4700,1,0.30000000000000004,360277.6638946533,4700,1,0.30000000000000004,352743.68368530273,4700,1,0.30000000000000004,318233.66510009766,4700,1,0.30000000000000004,316390.8830718994,4700,1,0.30000000000000004,337180.3803100586,4700,1,0.30000000000000004,108786298.83456421,400,400,4690,400,400,400,400,400,400,400,400,400,400,4689,4690,400,400,400,4690,400,400,400,400,400,0,3.5714287757873535,0,0,0,0,0,0,0,0,0,0,3.7037036418914795,0,3.7037036418914795,0,0,0,100,0,0,0,0,0,66480525312,2147479552,37332500480,0
199,1717965911198,978306.1313781738,4700,1,0.30000000000000004,322453.63371276855,4700,1,0.30000000000000004,556520.8409118652,4700,1,0.30000000000000004,355070.2511138916,4700,1,0.30000000000000004,355907.38360595703,4700,1,0.30000000000000004,349719.25944519043,4700,1,0.30000000000000004,353142.45433044434,4700,1,0.30000000000000004,360277.66609191895,4700,1,0.30000000000000004,352743.68464660645,4700,1,0.30000000000000004,318233.6752624512,4700,1,0.30000000000000004,316390.8849029541,4700,1,0.30000000000000004,337180.3818664551,4700,1,0.30000000000000004,108786298.93566895,400,400,4690,400,400,400,400,400,400,400,400,400,400,4689,4690,400,400,400,4690,400,400,400,400,400,0,3.5714287757873535,0,0,0,0,0,0,0,0,0,0,3.7037036418914795,0,3.7037036418914795,0,0,0,100,0,0,0,0,0,66480525312,2147479552,37334630400,0
199,1717965911399,978306.3873901367,4700,1,0.3062499999999999,322453.9030761719,4700,1,0.3062499999999999,556521.1483306885,4700,1,0.3062499999999999,355070.5396575928,4700,1,0.3062499999999999,355907.5904388428,4700,1,0.3062499999999999,349719.4677429199,4700,1,0.3062499999999999,353143.4385986328,4700,1,0.3062499999999999,360277.94303894043,4700,1,0.3062499999999999,352743.9373931885,4700,1,0.3062499999999999,318233.939743042,4700,1,0.3062499999999999,316391.23512268066,4700,1,0.3062499999999999,337180.6477050781,4700,1,0.3062499999999999,108786308.78981018,400,400,4690,400,400,400,400,400,400,400,400,400,400,4689,4690,400,400,400,4690,400,400,400,400,400,0,0,5.263157844543457,5,4.761904716491699,5.555555820465088,0,0,10,0,9.523809432983398,5,0,0,10,9.523809432983398,14.285715103149414,4.761904716491699,90.90909576416016,4.761904716491699,4.761904716491699,5,15.000000953674316,4.761904716491699,66480525312,2147479552,37341167616,0
199,1717965911599,978306.6501312256,4700,1,0.3062499999999999,322454.2741546631,4700,1,0.3062499999999999,556521.5253753662,4700,1,0.3062499999999999,355070.7920227051,4700,1,0.3062499999999999,355907.81645202637,4700,1,0.3062499999999999,349719.7070007324,4700,1,0.3062499999999999,353144.4616394043,4700,1,0.3062499999999999,360278.3383178711,4700,1,0.3062499999999999,352744.23054504395,4700,1,0.3062499999999999,318234.32635498047,4700,1,0.3062499999999999,316391.5975036621,4700,1,0.3062499999999999,337180.9989929199,4700,1,0.3062499999999999,108786319.5501709,400,400,4690,400,400,400,400,400,400,400,400,400,400,4689,4690,400,400,400,4690,400,400,400,400,400,14.285715103149414,5.263157844543457,23.809524536132813,20,9.523809432983398,5,13.636363983154297,0,5.263157844543457,0,15.000000953674316,25,10,18.18181800842285,15.000000953674316,10,5.263157844543457,14.285715103149414,100,10.526315689086914,5.263157844543457,9.523809432983398,20,10,66480525312,2147479552,37457375232,0
199,1717965911799,978306.8509368896,4700,1,0.30000000000000004,322454.45457458496,4700,1,0.30000000000000004,556521.7404632568,4700,1,0.30000000000000004,355070.87127685547,4700,1,0.30000000000000004,355907.88597106934,4700,1,0.30000000000000004,349719.80404663086,4700,1,0.30000000000000004,353145.45471191406,4700,1,0.30000000000000004,360278.52070617676,4700,1,0.30000000000000004,352744.2986602783,4700,1,0.30000000000000004,318234.4117279053,4700,1,0.30000000000000004,316391.7364807129,4700,1,0.30000000000000004,337181.13513183594,4700,1,0.30000000000000004,108786328.12246704,400,400,4690,400,400,400,400,400,400,400,400,400,400,4689,4690,400,400,400,4690,400,400,400,400,400,9.090909004211426,0,9.523809432983398,10,0,0,0,0,0,0,4.545454502105713,0,0,0,0,0,0,0,100,5,0,5,5,5,66480525312,2147479552,37445976064,0
199,1717965911999,978307.0716400146,4700,1,0.30000000000000004,322454.497756958,4700,1,0.30000000000000004,556522.8684539795,4700,1,0.30000000000000004,355070.9154815674,4700,1,0.30000000000000004,355907.89291381836,4700,1,0.30000000000000004,349719.81242370605,4700,1,0.30000000000000004,353146.4484863281,4700,1,0.30000000000000004,360278.5485687256,4700,1,0.30000000000000004,352744.3070220947,4700,1,0.30000000000000004,318234.41999816895,4700,1,0.30000000000000004,316391.7441558838,4700,1,0.30000000000000004,337181.14305114746,4700,1,0.30000000000000004,108786337.16326904,400,400,4690,400,400,400,400,400,400,400,400,400,400,4689,4690,400,400,400,4690,400,400,400,400,400,0,0,0,95.23809814453125,0,0,0,0,0,0,0,0,0,0,0,0,0,0,100,0,0,0,0,0,66480525312,2147479552,37444534272,0
199,1717965912199,978307.1423492432,4700,1,0.30000000000000004,322454.5608062744,4700,1,0.30000000000000004,556523.9534912109,4700,1,0.30000000000000004,355070.9859466553,4700,1,0.30000000000000004,355907.9003753662,4700,1,0.30000000000000004,349719.8190460205,4700,1,0.30000000000000004,353147.44425964355,4700,1,0.30000000000000004,360278.6470489502,4700,1,0.30000000000000004,352744.3365020752,4700,1,0.30000000000000004,318234.4273071289,4700,1,0.30000000000000004,316391.75199890137,4700,1,0.30000000000000004,337181.1498413086,4700,1,0.30000000000000004,108786346.30297852,400,400,4690,400,400,400,400,400,400,400,400,400,400,4689,4690,400,400,400,4690,400,400,400,400,400,0,0,0,88.8888931274414,0,0,0,0,0,0,0,0,0,0,0,0,0,0,100,0,0,0,0,0,66480525312,2147479552,37449437184,0
199,1717965912399,978307.1554260254,4700,1,0.30000000000000004,322454.56703186035,4700,1,0.30000000000000004,556525.5787353516,4700,1,0.30000000000000004,355070.9921569824,4700,1,0.30000000000000004,355907.915725708,4700,1,0.30000000000000004,349719.8254699707,4700,1,0.30000000000000004,353148.4407196045,4700,1,0.30000000000000004,360278.87370300293,4700,1,0.30000000000000004,352744.34826660156,4700,1,0.30000000000000004,318234.4342956543,4700,1,0.30000000000000004,316391.758102417,4700,1,0.30000000000000004,337181.15620422363,4700,1,0.30000000000000004,108786355.79620361,400,400,4690,400,400,400,400,400,400,400,400,400,400,4689,4690,400,400,400,4690,400,400,400,400,400,0,0,0,100,0,0,0,0,4.761904716491699,0,0,0,4.761904716491699,0,0,0,4.761904716491699,0,100,0,0,0,0,0,66480525312,2147479552,37450960896,0
199,1717965912599,978307.1620178223,4700,1,0.30000000000000004,322454.5732574463,4700,1,0.30000000000000004,556526.9865264893,4700,1,0.30000000000000004,355070.9984283447,4700,1,0.30000000000000004,355907.93420410156,4700,1,0.30000000000000004,349719.83309936523,4700,1,0.30000000000000004,353149.43461608887,4700,1,0.30000000000000004,360279.1044616699,4700,1,0.30000000000000004,352744.3544921875,4700,1,0.30000000000000004,318234.4412536621,4700,1,0.30000000000000004,316391.76625061035,4700,1,0.30000000000000004,337181.1626434326,4700,1,0.30000000000000004,108786365.26914978,400,400,4690,400,400,400,400,400,400,400,400,400,400,4689,4690,400,400,400,4690,400,400,400,400,400,0,0,0,100,0,0,0,0,0,0,0,0,0,0,0,0,0,0,100,0,0,0,0,0,66480525312,2147479552,37455527936,0
199,1717965912799,978307.3955535889,4700,1,0.3062499999999999,322454.6196594238,4700,1,0.30000000000000004,556527.148727417,4700,1,0.30000000000000004,355071.49618530273,4700,1,0.3062499999999999,355907.9858856201,4700,1,0.3062499999999999,349719.96395874023,4700,1,0.3062499999999999,353150.4342803955,4700,1,0.3062499999999999,360279.3163757324,4700,1,0.3062499999999999,352744.58087158203,4700,1,0.30000000000000004,318235.1342163086,4700,1,0.30000000000000004,316392.1283721924,4700,1,0.30000000000000004,337181.2133483887,4700,1,0.30000000000000004,108786375.28211975,400,400,4690,400,400,400,400,400,400,400,400,400,400,4689,4690,400,400,400,4690,400,400,400,400,400,0,25,0,5.263157844543457,5.263157844543457,0,0,9.523809432983398,0,0,15.000000953674316,38.095237731933594,0,0,0,0,4.761904716491699,0,100,0,0,19.047618865966797,23.809524536132813,0,66480525312,2147479552,37466759168,0
199,1717965912999,978307.6243133545,4700,1,0.30000000000000004,322454.6638031006,4700,1,0.30000000000000004,556527.2006072998,4700,1,0.30000000000000004,355071.53981018066,4700,1,0.30000000000000004,355908.04487609863,4700,1,0.30000000000000004,349720.1725921631,4700,1,0.30000000000000004,353151.42793273926,4700,1,0.30000000000000004,360279.3864440918,4700,1,0.30000000000000004,352745.21868896484,4700,1,0.30000000000000004,318235.71170043945,4700,1,0.30000000000000004,316392.8165283203,4700,1,0.30000000000000004,337181.2615814209,4700,1,0.30000000000000004,108786385.37748718,400,400,4690,400,400,400,400,400,400,400,400,400,400,4689,4690,400,400,400,4690,400,400,400,400,400,0,0,4.761904716491699,0,0,0,0,10.526315689086914,0,0,0,0,5,0,0,0,0,0,100,4.761904716491699,40,45,36.842105865478516,0,66480525312,2147479552,37491941376,0
199,1717965913199,978307.8482666016,4700,1,0.30000000000000004,322454.67726135254,4700,1,0.30000000000000004,556527.2124481201,4700,1,0.30000000000000004,355071.5461425781,4700,1,0.30000000000000004,355908.0702819824,4700,1,0.30000000000000004,349720.1788482666,4700,1,0.30000000000000004,353152.4240875244,4700,1,0.30000000000000004,360279.3987426758,4700,1,0.30000000000000004,352746.5142364502,4700,1,0.30000000000000004,318235.71795654297,4700,1,0.30000000000000004,316392.82316589355,4700,1,0.30000000000000004,337181.27130126953,4700,1,0.30000000000000004,108786394.46725464,400,400,4690,400,400,400,400,400,400,400,400,400,400,4689,4690,400,400,400,4690,400,400,400,400,400,0,0,0,0,0,0,0,0,0,0,0,0,0,0,0,0,0,0,100,0,100,0,0,0,66480525312,2147479552,37500215296,0
199,1717965913399,978308.0321350098,4700,1,0.30000000000000004,322454.6839904785,4700,1,0.30000000000000004,556527.2193450928,4700,1,0.30000000000000004,355071.55293273926,4700,1,0.30000000000000004,355908.0947418213,4700,1,0.30000000000000004,349720.56021118164,4700,1,0.30000000000000004,353153.42028808594,4700,1,0.30000000000000004,360279.4132080078,4700,1,0.30000000000000004,352747.1833190918,4700,1,0.30000000000000004,318235.72425842285,4700,1,0.30000000000000004,316392.8430633545,4700,1,0.30000000000000004,337181.30142211914,4700,1,0.30000000000000004,108786403.34536743,400,400,4690,400,400,400,400,400,400,400,400,400,400,4689,4690,400,400,400,4690,400,400,400,400,400,0,0,0,0,9.523809432983398,0,0,33.333335876464844,0,0,0,0,4.761904716491699,0,0,0,0,0,100,0,65,0,0,0,66480525312,2147479552,37510266880,0
199,1717965913599,978308.042175293,4700,1,0.30000000000000004,322454.69076538086,4700,1,0.30000000000000004,556527.2384490967,4700,1,0.30000000000000004,355071.5605621338,4700,1,0.30000000000000004,355908.11183166504,4700,1,0.30000000000000004,349721.725692749,4700,1,0.30000000000000004,353154.3204345703,4700,1,0.30000000000000004,360279.64041137695,4700,1,0.30000000000000004,352747.2827911377,4700,1,0.30000000000000004,318235.7311553955,4700,1,0.30000000000000004,316392.8493652344,4700,1,0.30000000000000004,337181.3079071045,4700,1,0.30000000000000004,108786412.48840332,400,400,4690,400,400,400,400,400,400,400,400,400,400,4689,4690,400,400,400,4690,400,400,400,400,400,0,0,0,0,0,0,0,94.73684692382813,0,0,0,0,0,0,0,0,0,0,90.47618865966797,0,10,0,0,0,66480525312,2147479552,37538631680,0
199,1717965913799,978308.2116241455,4700,1,0.30000000000000004,322454.6989440918,4700,1,0.30000000000000004,556527.4346466064,4700,1,0.30000000000000004,355071.7054901123,4700,1,0.30000000000000004,355908.2947998047,4700,1,0.30000000000000004,349722.6371765137,4700,1,0.30000000000000004,353154.49198913574,4700,1,0.30000000000000004,360279.90422058105,4700,1,0.30000000000000004,352748.2182159424,4700,1,0.30000000000000004,318235.7379760742,4700,1,0.30000000000000004,316392.944229126,4700,1,0.30000000000000004,337181.3159637451,4700,1,0.30000000000000004,108786421.8177948,400,400,4690,400,400,400,400,400,400,400,400,400,400,4689,4690,400,400,400,4690,400,400,400,400,400,0,0,0,5,4.761904716491699,5,5,63.15789031982422,0,0,0,0,0,5,0,0,0,0,5,4.761904716491699,100,0,0,0,66480525312,2147479552,37555163136,0
199,1717965913999,978308.380859375,4700,1,0.30000000000000004,322454.70610046387,4700,1,0.30000000000000004,556527.5093841553,4700,1,0.30000000000000004,355071.8250732422,4700,1,0.30000000000000004,355908.42655944824,4700,1,0.30000000000000004,349723.2596282959,4700,1,0.30000000000000004,353154.75187683105,4700,1,0.30000000000000004,360279.99169921875,4700,1,0.30000000000000004,352748.45388793945,4700,1,0.30000000000000004,318235.7505950928,4700,1,0.30000000000000004,316393.6862792969,4700,1,0.30000000000000004,337181.3227233887,4700,1,0.30000000000000004,108786430.59442139,400,400,4690,400,400,400,400,400,400,400,400,400,400,4689,4690,400,400,400,4690,400,400,400,400,400,0,0,0,0,5,0,0,45,0,0,0,0,0,0,0,0,0,0,4.761904716491699,0,21.052631378173828,0,76.19047546386719,0,66480525312,2147479552,37565726720,0
199,1717965914199,978308.8218536377,4700,1,0.30000000000000004,322454.8112335205,4700,1,0.30000000000000004,556527.6096496582,4700,1,0.30000000000000004,355072.2236328125,4700,1,0.30000000000000004,355908.9946594238,4700,1,0.30000000000000004,349724.68144226074,4700,1,0.30000000000000004,353155.1556854248,4700,1,0.30000000000000004,360280.36572265625,4700,1,0.30000000000000004,352748.47549438477,4700,1,0.30000000000000004,318236.1372833252,4700,1,0.30000000000000004,316394.6368865967,4700,1,0.30000000000000004,337181.4225921631,4700,1,0.30000000000000004,108786441.86201477,400,400,4690,400,400,400,400,400,400,400,400,400,400,4689,4690,400,400,400,4690,400,400,400,400,400,14.285715103149414,17.39130401611328,0,0,14.285715103149414,0,5,94.73684692382813,5.555555820465088,10,4.761904716491699,20,21.052631378173828,9.523809432983398,0,0,0,10.526315689086914,4.761904716491699,0,0,0,100,0,66480525312,2147479552,37626470400,0
199,1717965914399,978309.0027770996,4700,1,0.30000000000000004,322454.8783416748,4700,1,0.30000000000000004,556527.7838439941,4700,1,0.30000000000000004,355072.36653137207,4700,1,0.30000000000000004,355909.17182922363,4700,1,0.30000000000000004,349726.0368347168,4700,1,0.30000000000000004,353155.38175964355,4700,1,0.30000000000000004,360280.56089782715,4700,1,0.30000000000000004,352748.48516845703,4700,1,0.30000000000000004,318236.2211456299,4700,1,0.30000000000000004,316395.5771331787,4700,1,0.30000000000000004,337181.4892883301,4700,1,0.30000000000000004,108786451.81036377,400,400,4690,400,400,400,400,400,400,400,400,400,400,4689,4690,400,400,400,4690,400,400,400,400,400,0,0,0,0,5,0,0,95.23809814453125,5,0,0,4.761904716491699,5,0,0,0,5.263157844543457,0,0,0,0,0,100,0,66480525312,2147479552,37668126720,0
199,1717965914599,978309.0106658936,4700,1,0.3062499999999999,322454.8874359131,4700,1,0.30000000000000004,556527.9884490967,4700,1,0.30000000000000004,355072.37899780273,4700,1,0.3062499999999999,355909.3041381836,4700,1,0.3062499999999999,349727.24671936035,4700,1,0.3062499999999999,353155.5102996826,4700,1,0.3062499999999999,360280.68576049805,4700,1,0.30000000000000004,352748.4948577881,4700,1,0.30000000000000004,318236.2279510498,4700,1,0.30000000000000004,316396.576461792,4700,1,0.30000000000000004,337181.71000671387,4700,1,0.30000000000000004,108786461.44810486,400,400,4690,400,400,400,400,400,400,400,400,400,400,4689,4690,400,400,400,4690,400,400,400,400,400,4.761904716491699,0,0,0,0,0,0,40,0,0,5,0,0,0,0,0,0,50,0,0,0,0,100,4.761904716491699,66480525312,2147479552,37693165568,0
199,1717965914799,978309.0191497803,4700,1,0.30000000000000004,322454.99826049805,4700,1,0.30000000000000004,556528.0909881592,4700,1,0.30000000000000004,355072.3896636963,4700,1,0.30000000000000004,355909.4302368164,4700,1,0.30000000000000004,349728.46852111816,4700,1,0.30000000000000004,353155.52017211914,4700,1,0.30000000000000004,360280.8227844238,4700,1,0.30000000000000004,352748.5050354004,4700,1,0.30000000000000004,318236.3412628174,4700,1,0.30000000000000004,316397.57597351074,4700,1,0.30000000000000004,337181.9325866699,4700,1,0.30000000000000004,108786470.98944092,400,400,4690,400,400,400,400,400,400,400,400,400,400,4689,4690,400,400,400,4690,400,400,400,400,400,0,0,0,0,0,0,0,60.000003814697266,0,0,4.761904716491699,0,0,14.285715103149414,0,0,0,40.90909194946289,0,0,0,0,100,0,66480525312,2147479552,37720547328,0
199,1717965915000,978309.0451965332,4700,1,0.30000000000000004,322455.22410583496,4700,1,0.30000000000000004,556528.1492004395,4700,1,0.30000000000000004,355072.4216156006,4700,1,0.30000000000000004,355909.534866333,4700,1,0.30000000000000004,349729.5155181885,4700,1,0.30000000000000004,353155.61555480957,4700,1,0.30000000000000004,360281.04722595215,4700,1,0.30000000000000004,352748.53579711914,4700,1,0.30000000000000004,318236.5537261963,4700,1,0.30000000000000004,316398.5684967041,4700,1,0.30000000000000004,337182.27644348145,4700,1,0.30000000000000004,108786481.08276367,400,400,4690,400,400,400,400,400,400,400,400,400,400,4689,4690,400,400,400,4690,400,400,400,400,400,0,0,9.523809432983398,0,0,4.761904716491699,4.761904716491699,61.904762268066406,0,9.523809432983398,4.761904716491699,0,5,5,20,0,4.761904716491699,10.526315689086914,4.761904716491699,5,4.761904716491699,0,100,0,66480525312,2147479552,37685682176,0
199,1717965915200,978309.31300354,4700,1,0.30000000000000004,322455.4465332031,4700,1,0.30000000000000004,556528.2927398682,4700,1,0.30000000000000004,355072.43141174316,4700,1,0.30000000000000004,355909.59881591797,4700,1,0.30000000000000004,349729.7949523926,4700,1,0.30000000000000004,353155.7858734131,4700,1,0.30000000000000004,360281.15534973145,4700,1,0.30000000000000004,352748.56060791016,4700,1,0.30000000000000004,318236.70085144043,4700,1,0.30000000000000004,316399.5020599365,4700,1,0.30000000000000004,337183.289642334,4700,1,0.30000000000000004,108786490.80731201,400,400,4690,400,400,400,400,400,400,400,400,400,400,4689,4690,400,400,400,4690,400,400,400,400,400,20,0,0,0,0,0,0,0,0,0,0,0,0,0,80.95238494873047,5,0,0,0,0,0,0,100,0,66480525312,2147479552,37690576896,0
199,1717965915400,978310.5753479004,4700,1,0.30000000000000004,322455.78384399414,4700,1,0.30000000000000004,556528.3029174805,4700,1,0.30000000000000004,355072.44329833984,4700,1,0.30000000000000004,355909.6248931885,4700,1,0.30000000000000004,349730.05854797363,4700,1,0.30000000000000004,353155.796585083,4700,1,0.30000000000000004,360281.3801879883,4700,1,0.30000000000000004,352748.58169555664,4700,1,0.30000000000000004,318236.8829803467,4700,1,0.30000000000000004,316400.42810058594,4700,1,0.30000000000000004,337183.2964782715,4700,1,0.30000000000000004,108786500.47853088,400,400,4690,400,400,400,400,400,400,400,400,400,400,4689,4690,400,400,400,4690,400,400,400,400,400,15.000000953674316,0,0,0,85.71428680419922,0,0,0,0,0,0,0,0,0,0,5,0,0,0,0,0,0,100,0,66480525312,2147479552,37719388160,0
199,1717965915600,978311.8363342285,4700,1,0.3062499999999999,322456.13249206543,4700,1,0.3062499999999999,556528.3155212402,4700,1,0.3062499999999999,355072.45516967773,4700,1,0.3062499999999999,355909.67304992676,4700,1,0.3062499999999999,349730.3148345947,4700,1,0.3062499999999999,353155.8084259033,4700,1,0.3062499999999999,360281.5850982666,4700,1,0.3062499999999999,352748.5926513672,4700,1,0.3062499999999999,318236.9927825928,4700,1,0.3062499999999999,316401.35905456543,4700,1,0.3062499999999999,337183.30322265625,4700,1,0.3062499999999999,108786510.04490662,400,400,4690,400,400,400,400,400,400,400,400,400,400,4689,4690,400,400,400,4690,400,400,400,400,400,66.66667175292969,0,0,0,26.3157901763916,0,0,4.761904716491699,0,0,0,0,0,0,0,0,0,4.761904716491699,0,4.761904716491699,0,0,100,0,66480525312,2147479552,37748813824,0
199,1717965915800,978313.1033477783,4700,1,0.30000000000000004,322456.2841796875,4700,1,0.30000000000000004,556528.6013793945,4700,1,0.30000000000000004,355072.4847717285,4700,1,0.30000000000000004,355909.73458862305,4700,1,0.30000000000000004,349730.57524108887,4700,1,0.30000000000000004,353155.8329772949,4700,1,0.30000000000000004,360281.79261779785,4700,1,0.30000000000000004,352748.61683654785,4700,1,0.30000000000000004,318237.01138305664,4700,1,0.30000000000000004,316402.29135131836,4700,1,0.30000000000000004,337183.3727722168,4700,1,0.30000000000000004,108786519.75106812,400,400,4690,400,400,400,400,400,400,400,400,400,400,4689,4690,400,400,400,4690,400,400,400,400,400,0,0,0,0,100,0,0,0,0,0,0,0,0,0,0,0,5,0,0,0,0,0,100,0,66480525312,2147479552,37770416128,0
199,1717965916000,978314.3542938232,4700,1,0.3062499999999999,322456.4315185547,4700,1,0.3062499999999999,556528.6188049316,4700,1,0.30000000000000004,355072.7238006592,4700,1,0.3062499999999999,355909.77296447754,4700,1,0.3062499999999999,349730.8414001465,4700,1,0.3062499999999999,353155.8707885742,4700,1,0.3062499999999999,360281.8177642822,4700,1,0.3062499999999999,352748.6407928467,4700,1,0.3062499999999999,318237.02726745605,4700,1,0.3062499999999999,316403.22160339355,4700,1,0.3062499999999999,337183.7164916992,4700,1,0.3062499999999999,108786529.33409119,400,400,4690,400,400,400,400,400,400,400,400,400,400,4689,4690,400,400,400,4690,400,400,400,400,400,90.47618865966797,9.523809432983398,0,0,0,0,0,0,0,0,0,0,0,0,0,0,0,0,0,0,0,0,100,0,66480525312,2147479552,37809135616,0
199,1717965916200,978315.1469421387,4700,1,0.3062499999999999,322456.49322509766,4700,1,0.3062499999999999,556528.6523284912,4700,1,0.3062499999999999,355073.3277435303,4700,1,0.3062499999999999,355909.8380279541,4700,1,0.3062499999999999,349731.0849456787,4700,1,0.3062499999999999,353155.90718078613,4700,1,0.3062499999999999,360281.8437194824,4700,1,0.3062499999999999,352748.6631164551,4700,1,0.3062499999999999,318237.07035827637,4700,1,0.3062499999999999,316404.1495666504,4700,1,0.3062499999999999,337183.8497467041,4700,1,0.3062499999999999,108786538.75286865,400,400,4690,400,400,400,400,400,400,400,400,400,400,4689,4690,400,400,400,4690,400,400,400,400,400,23.809524536132813,42.105262756347656,0,0,28.571430206298828,5.263157844543457,5,0,0,0,0,0,0,89.47368621826172,5.263157844543457,0,0,0,5,0,0,4.761904716491699,15.000000953674316,0,66480525312,2147479552,37826326528,0
199,1717965916400,978316.0337524414,4700,1,0.3062499999999999,322456.6113586426,4700,1,0.3062499999999999,556528.7135467529,4700,1,0.3062499999999999,355074.10235595703,4700,1,0.3062499999999999,355910.0867614746,4700,1,0.3062499999999999,349731.3734436035,4700,1,0.3062499999999999,353156.0054016113,4700,1,0.3062499999999999,360281.9370880127,4700,1,0.3062499999999999,352748.74183654785,4700,1,0.3062499999999999,318237.14582824707,4700,1,0.3062499999999999,316405.08039855957,4700,1,0.3062499999999999,337183.8869934082,4700,1,0.3062499999999999,108786548.77288818,400,400,4690,400,400,400,400,400,400,400,400,400,400,4689,4690,400,400,400,4690,400,400,400,400,400,36.842105865478516,57.894737243652344,0,0,25,5,4.761904716491699,0,0,0,0,0,18.18181800842285,100,0,0,4.761904716491699,0,0,0,0,0,0,0,66480525312,2147479552,37867966464,0
199,1717965916600,978316.6105651855,4700,1,0.3062499999999999,322456.94805908203,4700,1,0.3062499999999999,556529.1648254395,4700,1,0.3062499999999999,355075.05671691895,4700,1,0.3062499999999999,355910.67276000977,4700,1,0.3062499999999999,349731.8128051758,4700,1,0.3062499999999999,353156.3842163086,4700,1,0.3062499999999999,360282.3970794678,4700,1,0.3062499999999999,352749.07235717773,4700,1,0.3062499999999999,318237.99670410156,4700,1,0.3062499999999999,316406.049697876,4700,1,0.3062499999999999,337184.1934661865,4700,1,0.3062499999999999,108786561.82984924,400,400,4690,400,400,400,400,400,400,400,400,400,400,4689,4690,400,400,400,4690,400,400,400,400,400,25,26.3157901763916,15.789472579956055,20,25,57.894737243652344,21.052631378173828,10.526315689086914,23.809524536132813,15.000000953674316,21.052631378173828,50,35,90,10,18.18181800842285,28.571430206298828,21.052631378173828,20,25,14.285715103149414,16.666667938232422,20,25,66480525312,2147479552,37964443648,0
199,1717965916800,978316.6501312256,4700,1,0.30000000000000004,322457.0113372803,4700,1,0.30000000000000004,556529.213684082,4700,1,0.30000000000000004,355075.13943481445,4700,1,0.30000000000000004,355910.75399780273,4700,1,0.30000000000000004,349731.8604888916,4700,1,0.30000000000000004,353156.42333984375,4700,1,0.30000000000000004,360282.4372558594,4700,1,0.30000000000000004,352749.09992980957,4700,1,0.30000000000000004,318238.29806518555,4700,1,0.30000000000000004,316406.9763031006,4700,1,0.30000000000000004,337184.2466583252,4700,1,0.30000000000000004,108786570.01771545,400,400,4690,400,400,400,400,400,400,400,400,400,400,4689,4690,400,400,400,4690,400,400,400,400,400,0,5,0,0,0,0,0,0,0,0,0,0,5,0,0,0,4.761904716491699,0,0,0,0,10,100,0,66480525312,2147479552,37968523264,0
199,1717965917000,978316.656463623,4700,1,0.30000000000000004,322457.0180053711,4700,1,0.30000000000000004,556529.2205505371,4700,1,0.30000000000000004,355075.14559936523,4700,1,0.30000000000000004,355910.76023864746,4700,1,0.30000000000000004,349731.88117980957,4700,1,0.30000000000000004,353156.430267334,4700,1,0.30000000000000004,360282.44396972656,4700,1,0.30000000000000004,352749.1061401367,4700,1,0.30000000000000004,318238.4948272705,4700,1,0.30000000000000004,316407.90336608887,4700,1,0.30000000000000004,337184.2532196045,4700,1,0.30000000000000004,108786577.8299408,400,400,4690,400,400,400,400,400,400,400,400,400,400,4689,4690,400,400,400,4690,400,400,400,400,400,0,0,0,0,0,0,0,0,0,0,0,0,0,0,0,0,0,0,0,0,0,0,100,0,66480525312,2147479552,37969039360,0
199,1717965917200,978316.6627197266,4700,1,0.30000000000000004,322457.024810791,4700,1,0.30000000000000004,556529.2274017334,4700,1,0.30000000000000004,355075.15171813965,4700,1,0.30000000000000004,355910.76641845703,4700,1,0.30000000000000004,349731.8963165283,4700,1,0.30000000000000004,353156.4373321533,4700,1,0.30000000000000004,360282.45080566406,4700,1,0.30000000000000004,352749.11392211914,4700,1,0.30000000000000004,318238.68980407715,4700,1,0.30000000000000004,316408.82455444336,4700,1,0.30000000000000004,337184.2595977783,4700,1,0.30000000000000004,108786585.66635132,400,400,4690,400,400,400,400,400,400,400,400,400,400,4689,4690,400,400,400,4690,400,400,400,400,400,0,0,0,0,0,0,0,0,0,0,0,0,0,0,0,0,0,0,0,0,0,0,100,0,66480525312,2147479552,37968982016,0
199,1717965917400,978316.6689300537,4700,1,0.30000000000000004,322457.030960083,4700,1,0.30000000000000004,556529.2342071533,4700,1,0.30000000000000004,355075.15786743164,4700,1,0.30000000000000004,355910.7726135254,4700,1,0.30000000000000004,349731.9159851074,4700,1,0.30000000000000004,353156.4441680908,4700,1,0.30000000000000004,360282.45780944824,4700,1,0.30000000000000004,352749.12756347656,4700,1,0.30000000000000004,318238.88662719727,4700,1,0.30000000000000004,316409.7487182617,4700,1,0.30000000000000004,337184.2673187256,4700,1,0.30000000000000004,108786593.48149109,400,400,4690,400,400,400,400,400,400,400,400,400,400,4689,4690,400,400,400,4690,400,400,400,400,400,0,0,0,0,0,0,0,0,0,0,0,0,0,0,0,0,0,0,0,0,0,0,100,0,66480525312,2147479552,37968982016,0
199,1717965917600,978316.6765594482,4700,1,0.30000000000000004,322457.03720092773,4700,1,0.30000000000000004,556529.2422027588,4700,1,0.30000000000000004,355075.1679992676,4700,1,0.30000000000000004,355910.7811126709,4700,1,0.30000000000000004,349731.9390411377,4700,1,0.30000000000000004,353156.45123291016,4700,1,0.30000000000000004,360282.4641418457,4700,1,0.30000000000000004,352749.1363220215,4700,1,0.30000000000000004,318239.0854034424,4700,1,0.30000000000000004,316410.67402648926,4700,1,0.30000000000000004,337184.27363586426,4700,1,0.30000000000000004,108786601.26473999,400,400,4690,400,400,400,400,400,400,400,400,400,400,4689,4690,400,400,400,4690,400,400,400,400,400,0,0,0,0,0,0,0,0,0,0,0,0,0,0,0,0,0,0,0,0,0,0,100,0,66480525312,2147479552,37969690624,0
199,1717965917800,978316.6828918457,4700,1,0.30000000000000004,322457.0435638428,4700,1,0.30000000000000004,556529.2488861084,4700,1,0.30000000000000004,355075.1742553711,4700,1,0.30000000000000004,355910.7872772217,4700,1,0.30000000000000004,349731.9551086426,4700,1,0.30000000000000004,353156.4582824707,4700,1,0.30000000000000004,360282.4714202881,4700,1,0.30000000000000004,352749.1488647461,4700,1,0.30000000000000004,318239.2828216553,4700,1,0.30000000000000004,316411.5943145752,4700,1,0.30000000000000004,337184.2801361084,4700,1,0.30000000000000004,108786609.14367676,400,400,4690,400,400,400,400,400,400,400,400,400,400,4689,4690,400,400,400,4690,400,400,400,400,400,0,0,0,0,0,0,0,0,0,0,0,5,0,0,0,0,0,0,0,0,0,0,100,0,66480525312,2147479552,37969690624,0
199,1717965918000,978316.689163208,4700,1,0.30000000000000004,322457.04974365234,4700,1,0.30000000000000004,556529.2556915283,4700,1,0.30000000000000004,355075.1804046631,4700,1,0.30000000000000004,355910.79472351074,4700,1,0.30000000000000004,349731.9721374512,4700,1,0.30000000000000004,353156.4649810791,4700,1,0.30000000000000004,360282.4780578613,4700,1,0.30000000000000004,352749.1549987793,4700,1,0.30000000000000004,318239.4821166992,4700,1,0.30000000000000004,316412.5186920166,4700,1,0.30000000000000004,337184.2865447998,4700,1,0.30000000000000004,108786617.09136963,400,400,4690,400,400,400,400,400,400,400,400,400,400,4689,4690,400,400,400,4690,400,400,400,400,400,0,0,0,0,0,0,0,0,0,0,0,0,0,0,0,0,0,0,0,0,0,0,100,0,66480525312,2147479552,37970206720,0
199,1717965918200,978316.6960449219,4700,1,0.30000000000000004,322457.0561065674,4700,1,0.30000000000000004,556529.2624816895,4700,1,0.30000000000000004,355075.18812561035,4700,1,0.30000000000000004,355910.8010559082,4700,1,0.30000000000000004,349731.99237060547,4700,1,0.30000000000000004,353156.47161865234,4700,1,0.30000000000000004,360282.4847564697,4700,1,0.30000000000000004,352749.16134643555,4700,1,0.30000000000000004,318239.6775970459,4700,1,0.30000000000000004,316413.4429168701,4700,1,0.30000000000000004,337184.2928161621,4700,1,0.30000000000000004,108786625.04553223,400,400,4690,400,400,400,400,400,400,400,400,400,400,4689,4690,400,400,400,4690,400,400,400,400,400,0,0,0,0,0,0,0,0,0,0,0,0,0,0,0,0,0,0,0,0,0,0,100,0,66480525312,2147479552,37970206720,0
199,1717965918400,978316.7024230957,4700,1,0.30000000000000004,322457.0623779297,4700,1,0.30000000000000004,556529.2692565918,4700,1,0.30000000000000004,355075.1943206787,4700,1,0.30000000000000004,355910.8071746826,4700,1,0.30000000000000004,349732.0081939697,4700,1,0.30000000000000004,353156.4783782959,4700,1,0.30000000000000004,360282.49130249023,4700,1,0.30000000000000004,352749.16748046875,4700,1,0.30000000000000004,318239.8719024658,4700,1,0.30000000000000004,316414.36167907715,4700,1,0.30000000000000004,337184.29919433594,4700,1,0.30000000000000004,108786632.98898315,400,400,4690,400,400,400,400,400,400,400,400,400,400,4689,4690,400,400,400,4690,400,400,400,400,400,0,0,0,0,0,0,0,0,0,0,0,0,0,0,0,0,0,0,0,0,0,0,100,0,66480525312,2147479552,37970206720,0
199,1717965918600,978316.7086334229,4700,1,0.30000000000000004,322457.06869506836,4700,1,0.30000000000000004,556529.275894165,4700,1,0.30000000000000004,355075.20906066895,4700,1,0.30000000000000004,355910.8168487549,4700,1,0.30000000000000004,349732.0263519287,4700,1,0.30000000000000004,353156.4856109619,4700,1,0.30000000000000004,360282.50064086914,4700,1,0.30000000000000004,352749.17779541016,4700,1,0.30000000000000004,318240.0706939697,4700,1,0.30000000000000004,316415.28619384766,4700,1,0.30000000000000004,337184.306640625,4700,1,0.30000000000000004,108786640.88092041,400,400,4690,400,400,400,400,400,400,400,400,400,400,4689,4690,400,400,400,4690,400,400,400,400,400,0,0,0,0,0,0,0,0,0,0,0,0,0,0,0,0,0,0,0,0,0,0,100,0,66480525312,2147479552,37970964480,0
199,1717965918801,978316.7147979736,4700,1,0.30000000000000004,322457.07485961914,4700,1,0.30000000000000004,556529.2829437256,4700,1,0.30000000000000004,355075.2152862549,4700,1,0.30000000000000004,355910.8235168457,4700,1,0.30000000000000004,349732.0461425781,4700,1,0.30000000000000004,353156.4927368164,4700,1,0.30000000000000004,360282.5077056885,4700,1,0.30000000000000004,352749.18464660645,4700,1,0.30000000000000004,318240.2685241699,4700,1,0.30000000000000004,316416.21072387695,4700,1,0.30000000000000004,337184.31311035156,4700,1,0.30000000000000004,108786648.84030151,400,400,4690,400,400,400,400,400,400,400,400,400,400,4689,4690,400,400,400,4690,400,400,400,400,400,0,0,0,0,0,0,0,0,0,0,0,0,0,0,0,0,0,0,0,0,0,0,100,0,66480525312,2147479552,37970964480,0
199,1717965919001,978316.7218780518,4700,1,0.30000000000000004,322457.0821685791,4700,1,0.30000000000000004,556529.2905883789,4700,1,0.30000000000000004,355075.2357330322,4700,1,0.30000000000000004,355910.83180236816,4700,1,0.30000000000000004,349732.0698699951,4700,1,0.30000000000000004,353156.5002441406,4700,1,0.30000000000000004,360282.5151062012,4700,1,0.30000000000000004,352749.19104003906,4700,1,0.30000000000000004,318240.4691314697,4700,1,0.30000000000000004,316417.1310272217,4700,1,0.30000000000000004,337184.31967163086,4700,1,0.30000000000000004,108786656.55067444,400,400,4690,400,400,400,400,400,400,400,400,400,400,4689,4690,400,400,400,4690,400,400,400,400,400,0,0,0,0,0,4.761904716491699,0,0,0,0,0,0,0,0,0,0,0,0,0,0,0,0,100,0,66480525312,2147479552,37970800640,0
199,1717965919201,978316.8293457031,4700,1,0.30000000000000004,322457.088470459,4700,1,0.30000000000000004,556529.396987915,4700,1,0.30000000000000004,355075.5146179199,4700,1,0.30000000000000004,355910.83854675293,4700,1,0.30000000000000004,349732.08877563477,4700,1,0.30000000000000004,353156.5944366455,4700,1,0.30000000000000004,360282.52223205566,4700,1,0.30000000000000004,352749.19734191895,4700,1,0.30000000000000004,318240.69885253906,4700,1,0.30000000000000004,316418.0559234619,4700,1,0.30000000000000004,337184.3264465332,4700,1,0.30000000000000004,108786664.8754425,400,400,4690,400,400,400,400,400,400,400,400,400,400,4689,4690,400,400,400,4690,400,400,400,400,400,0,0,0,5,5,30.000001907348633,0,0,0,0,0,4.761904716491699,0,0,0,0,0,0,0,0,0,0,100,0,66480525312,2147479552,37970898944,0
199,1717965919401,978316.9293212891,4700,1,0.30000000000000004,322457.12797546387,4700,1,0.30000000000000004,556529.4433441162,4700,1,0.30000000000000004,355075.6546020508,4700,1,0.30000000000000004,355910.92196655273,4700,1,0.30000000000000004,349732.1921386719,4700,1,0.30000000000000004,353156.67082214355,4700,1,0.30000000000000004,360282.7813873291,4700,1,0.30000000000000004,352749.2333831787,4700,1,0.30000000000000004,318240.9150695801,4700,1,0.30000000000000004,316418.98693847656,4700,1,0.30000000000000004,337184.3584136963,4700,1,0.30000000000000004,108786673.1701355,400,400,4690,400,400,400,400,400,400,400,400,400,400,4689,4690,400,400,400,4690,400,400,400,400,400,4.761904716491699,0,0,0,5,10,0,0,0,15.789472579956055,0,0,0,0,0,0,0,5,0,0,0,0,100,0,66480525312,2147479552,37543325696,0
199,1717965919601,978317.0505065918,4700,1,0.30000000000000004,322457.2246398926,4700,1,0.30000000000000004,556529.6038970947,4700,1,0.30000000000000004,355075.7168121338,4700,1,0.30000000000000004,355910.9881439209,4700,1,0.30000000000000004,349732.2521057129,4700,1,0.30000000000000004,353156.7560272217,4700,1,0.30000000000000004,360282.8475341797,4700,1,0.30000000000000004,352749.5821685791,4700,1,0.30000000000000004,318241.05238342285,4700,1,0.30000000000000004,316419.9171447754,4700,1,0.30000000000000004,337184.4502258301,4700,1,0.30000000000000004,108786681.63562012,400,400,4690,400,400,400,400,400,400,400,400,400,400,4689,4690,400,400,400,4690,400,400,400,400,400,0,0,5.263157844543457,5,0,0,0,0,0,0,15.789472579956055,0,0,0,5,0,0,0,0,0,21.052631378173828,0,100,0,66480525312,2147479552,37533425664,0
