
class =

     1


ans =

     7   124


ans =

     7   432


ans =

     1     2


ans =

     1     2

