
a =

     0
     1


dst =

    0.2600    0.0200    0.7200
    0.2000    0.3200    0.1000


a =

     2
     3


a =

     0
     1
     2

