**************************************************
:

xm =

  -0.432732486502842
  -0.244540626894741
  -0.318770335009814
  -0.464899994716274
  -0.234162102239787
  -0.412125071941862
   0.081967705768589
  -0.461066741476832
  -0.190607702098831
  -0.055703973177962
  -0.231684023357791
  -0.549371015080394
  -0.460201771613397
  -0.363434579973105
  -0.333714102811399
  -0.136287526097318
  -0.693730356225130
  -0.218098323117303
  -0.342396249505974
   0.253205771874937
  -0.767297748912893
  -0.137649353240029
  -0.111687859508516
  -0.136767248034233
  -0.435659852913230
  -0.378951890325278
  -0.688870552238833
  -0.361062924113527
  -0.816001729428994
  -0.172384867950999

:

fv =

    -1.849542351229912e+02

**************************************************
**************************************************
:

xm =

  -0.319683648885503
  -0.596510718371477
  -0.224318340383421
  -0.433936842854483
  -0.512433848153647
  -0.397560125419975
  -0.583622998992568
  -0.540851557939118
  -0.649781439237773
  -0.424815923659225
  -0.381839158194786
  -0.554894629700656
  -0.452995897590124
  -0.438253706178636
  -0.390858511775939
  -0.295737029678734
  -0.496172507183520
  -0.305499944280318
  -0.512597423946362
  -0.423797016932216
  -0.409285266292203
  -0.440534062897006
  -0.334342189935229
  -0.700849990403302
  -0.535840747075999
  -0.294684230262607
  -0.471743408363483
  -0.437367864489051
  -0.636430342840639
  -0.521153174225043

:

fv =

    -1.870631969072139e+02

**************************************************
**************************************************
:

xm =

  -0.497569068219610
  -0.499513838135484
  -0.499056818850467
  -0.501236728820175
  -0.499568968440569
  -0.499876841102794
  -0.500336746557120
  -0.497123242313982
  -0.501762174157097
  -0.502305272575732
  -0.504068089232535
  -0.503055794152936
  -0.498589182273700
  -0.502144072472733
  -0.499160606169237
  -0.502302747019715
  -0.502273972965647
  -0.498462713216822
  -0.503303128508478
  -0.499946859455367
  -0.497829819248825
  -0.499098105211890
  -0.499422885108191
  -0.499122631359208
  -0.499309202559005
  -0.497970339425173
  -0.500785177150488
  -0.501274484215089
  -0.499634672940576
  -0.502573126487915

:

fv =

    -1.874998972779908e+02

**************************************************
