
e =

   9.2113e-05


Flow =

  123.0000   52.0000    0.0000
  123.0000  209.0000    0.0000
  359.0000  116.0000    0.0051
  123.0000   48.0000    0.0000
  118.0000  116.0000    0.0000
  118.0000  314.0000    0.0050
   99.0000  372.0000    0.0001
   99.0000   48.0000    0.0000
  174.0000  346.0000    0.0001
  174.0000   48.0000    0.0000
  333.0000   48.0000    0.0000
  260.0000  208.0000    0.0050
  333.0000  235.0000    0.0001
  334.0000  208.0000    0.0000
  334.0000  230.0000    0.0049
  350.0000  230.0000    0.0001
  350.0000  180.0000    0.0049
  386.0000  180.0000    0.0001
  386.0000  311.0000    0.0049
  396.0000  156.0000    0.0001
  396.0000  235.0000    0.0000
  368.0000  311.0000    0.0002
  368.0000  314.0000    0.0000
  368.0000  212.0000    0.0047
  226.0000  212.0000    0.0003
  226.0000  353.0000    0.0047
  396.0000  299.0000    0.0000
  297.0000  353.0000    0.0004
  297.0000  285.0000    0.0046
  294.0000  299.0000    0.0001
  294.0000  292.0000    0.0000
  244.0000  292.0000    0.0001
  313.0000   16.0000    0.0049
   32.0000  243.0000    0.0002
  244.0000  243.0000    0.0000
  361.0000    8.0000    0.0002
  244.0000    8.0000    0.0000
   12.0000   16.0000    0.0000
   12.0000  128.0000    0.0049
  244.0000   60.0000    0.0000
   22.0000   60.0000    0.0002
   10.0000  128.0000    0.0000
   10.0000  285.0000    0.0005
   10.0000   34.0000    0.0044
  251.0000   34.0000    0.0005
  303.0000  253.0000    0.0002
  261.0000  253.0000    0.0000
  261.0000  145.0000    0.0002
  175.0000  145.0000    0.0000
  175.0000  358.0000    0.0002
   22.0000  358.0000    0.0000
   40.0000  358.0000    0.0001
   40.0000  373.0000    0.0001
   34.0000  373.0000    0.0001
   34.0000  246.0000    0.0001
  152.0000  246.0000    0.0001
  122.0000  172.0000    0.0048
  122.0000  271.0000    0.0000
   13.0000  271.0000    0.0048
  152.0000  396.0000    0.0001
  281.0000  396.0000    0.0002
  281.0000  278.0000    0.0000
  343.0000  278.0000    0.0003
  343.0000  344.0000    0.0000
   92.0000  344.0000    0.0003
   13.0000   84.0000    0.0001
  251.0000   84.0000    0.0044
  341.0000   84.0000    0.0004
   92.0000  305.0000    0.0000
   39.0000   32.0000    0.0048
   39.0000  400.0000    0.0000
  341.0000  400.0000    0.0044
   57.0000  400.0000    0.0003
   57.0000  107.0000    0.0045
  168.0000  107.0000    0.0003
  301.0000  200.0000    0.0003
  301.0000  305.0000    0.0000
  170.0000  305.0000    0.0003
  170.0000  323.0000    0.0001
  168.0000  293.0000    0.0046
  154.0000  293.0000    0.0002
  325.0000  323.0000    0.0002
  325.0000  384.0000    0.0001
  348.0000  284.0000    0.0048
  348.0000  127.0000    0.0000
  206.0000  127.0000    0.0047
  206.0000  279.0000    0.0000
  154.0000  279.0000    0.0046
  167.0000  279.0000    0.0002
  167.0000  203.0000    0.0046
    9.0000  203.0000    0.0001
   24.0000  233.0000    0.0047
  304.0000  356.0000    0.0003
  304.0000  384.0000    0.0000
   91.0000  342.0000    0.0004
   91.0000  397.0000    0.0000
  146.0000  397.0000    0.0004
  146.0000  384.0000    0.0000
  119.0000  384.0000    0.0002
  119.0000  120.0000    0.0002
  190.0000  120.0000    0.0001
  190.0000    9.0000    0.0003
   24.0000   70.0000    0.0000
  245.0000   70.0000    0.0047
  319.0000  363.0000    0.0004
  319.0000  272.0000    0.0000
  245.0000   51.0000    0.0000
   95.0000   51.0000    0.0046
  112.0000  272.0000    0.0004
  112.0000    9.0000    0.0000
  127.0000    9.0000    0.0000
  127.0000  282.0000    0.0003
  127.0000  225.0000    0.0001
  241.0000  225.0000    0.0003
  241.0000   40.0000    0.0001
   95.0000  331.0000    0.0001
   75.0000  331.0000    0.0045
   18.0000  328.0000    0.0046
   18.0000  365.0000    0.0000
    4.0000  365.0000    0.0046
  165.0000   75.0000    0.0005
  165.0000  132.0000    0.0000
  306.0000  132.0000    0.0005
  306.0000  192.0000    0.0000
   35.0000  192.0000    0.0004
   35.0000  349.0000    0.0001
    6.0000  349.0000    0.0004
    6.0000    2.0000    0.0001
  265.0000    2.0000    0.0004
  265.0000  362.0000    0.0001
    4.0000  218.0000    0.0000
  114.0000  218.0000    0.0045
    2.0000  309.0000    0.0046
    2.0000  347.0000    0.0000
  114.0000  347.0000    0.0001
   85.0000  347.0000    0.0045
   85.0000  341.0000    0.0002
  153.0000  341.0000    0.0044
  336.0000  352.0000    0.0005
  336.0000  332.0000    0.0000
  121.0000  332.0000    0.0005
  121.0000  389.0000    0.0000
  271.0000  389.0000    0.0005
  271.0000   19.0000    0.0000
  390.0000   19.0000    0.0005
  390.0000  362.0000    0.0000
  153.0000  229.0000    0.0002
  285.0000  229.0000    0.0043
  285.0000  393.0000    0.0002
  263.0000  393.0000    0.0043
  228.0000  367.0000    0.0006
  228.0000  362.0000    0.0000
  160.0000  362.0000    0.0003
  160.0000  273.0000    0.0003
  263.0000  163.0000    0.0003
  222.0000  163.0000    0.0042
  277.0000  182.0000    0.0045
  236.0000  193.0000    0.0006
  236.0000  398.0000    0.0000
   55.0000  310.0000    0.0006
  376.0000  310.0000   -0.0000
  376.0000  106.0000    0.0006
  376.0000  398.0000    0.0000
  293.0000  207.0000    0.0045
  148.0000  236.0000    0.0006
  148.0000  398.0000    0.0000
  293.0000   30.0000    0.0000
  277.0000   30.0000    0.0000
   65.0000   30.0000    0.0044
  392.0000  264.0000    0.0044
    3.0000  261.0000    0.0006
    3.0000  398.0000    0.0000
  358.0000  398.0000    0.0004
  358.0000  273.0000    0.0002
  392.0000  103.0000    0.0000
   65.0000  103.0000    0.0001
  207.0000  103.0000    0.0043
   96.0000  273.0000    0.0000
   96.0000   88.0000    0.0006
   96.0000  119.0000    0.0000
  166.0000  119.0000    0.0005
  166.0000  118.0000    0.0001
  320.0000  118.0000    0.0004
  320.0000  320.0000    0.0003
  207.0000  210.0000    0.0001
  363.0000  210.0000    0.0043
  136.0000  291.0000    0.0007
  136.0000  339.0000    0.0000
  269.0000  339.0000    0.0007
  269.0000  320.0000    0.0000
  137.0000  237.0000    0.0044
  137.0000  179.0000    0.0000
  363.0000  179.0000    0.0001
   75.0000  179.0000    0.0002
  222.0000  179.0000    0.0005
  342.0000  179.0000    0.0036
   68.0000  194.0000    0.0007
   68.0000  249.0000    0.0000
  342.0000  135.0000    0.0011
  276.0000  135.0000    0.0033
  276.0000  283.0000    0.0012
  158.0000  283.0000    0.0031
  158.0000  286.0000    0.0014
  225.0000  286.0000    0.0029
   16.0000  130.0000    0.0007
   16.0000  249.0000    0.0000
  140.0000  274.0000    0.0007
  140.0000  249.0000    0.0000
  135.0000  320.0000    0.0002
  135.0000  249.0000    0.0005
  288.0000  302.0000    0.0043
  288.0000  263.0000    0.0000
    9.0000  263.0000    0.0043
  132.0000  201.0000    0.0043
   69.0000  251.0000    0.0007
   69.0000  199.0000    0.0000
  310.0000  199.0000    0.0007
  310.0000  249.0000    0.0000
  115.0000  142.0000    0.0008
  115.0000  249.0000    0.0000
  141.0000  220.0000    0.0043
  141.0000  239.0000    0.0000
  370.0000  239.0000    0.0043
  370.0000   44.0000    0.0000
  132.0000   44.0000    0.0003
  225.0000   44.0000    0.0016
    9.0000   44.0000    0.0004
   20.0000   44.0000    0.0020
  369.0000  184.0000    0.0008
  369.0000   25.0000    0.0000
   11.0000   25.0000    0.0008
   11.0000   64.0000    0.0000
   20.0000  300.0000    0.0029
   66.0000  300.0000    0.0014
  191.0000   97.0000    0.0043
  399.0000   64.0000    0.0008
  399.0000  249.0000    0.0001
  101.0000  249.0000   -0.0000
  101.0000   23.0000    0.0005
  101.0000   40.0000    0.0002
  101.0000  390.0000    0.0001
   54.0000  390.0000    0.0005
  215.0000  176.0000    0.0042
  215.0000   98.0000    0.0000
   71.0000   98.0000    0.0042
  105.0000  275.0000    0.0008
  335.0000  275.0000    0.0000
  296.0000  178.0000    0.0008
  335.0000  178.0000    0.0000
  323.0000  368.0000    0.0042
  323.0000  188.0000    0.0000
   82.0000  188.0000    0.0042
   30.0000  326.0000    0.0009
  218.0000  326.0000    0.0000
  218.0000   61.0000    0.0008
  176.0000   61.0000    0.0001
  176.0000  306.0000    0.0008
